2.2985861
2.3023272
2.2839112
2.2945051
2.2743828
2.2834284
2.2128425
2.077313
1.5763069
1.4531486
0.6879956
0.7033635
0.70733964
0.46160886
0.23641294
0.20281301
0.1356865
0.23855937
0.13073409
0.23114008
0.056691006
0.08864736
0.15609394
0.30899203
0.14955157
0.1400383
0.12168142
0.052265104
0.16096687
0.05266888
0.10490898
0.08420451
0.063708715
0.14002602
0.2136308
0.20129128
0.09878718
0.050531767
0.12643743
0.08013612
0.05914174
0.08840669
0.13898785
0.035393856
0.25020707
0.053139247
0.033790182
0.17447424
0.20543736
0.14119235
0.021199482
0.10889437
0.094335996
0.08591604
0.066314586
0.029762883
0.028750442
0.08976593
0.024509644
0.020601444
0.015116361
0.040009566
0.018275723
0.025099924
0.03691654
0.057732854
0.107753865
0.03497345
0.050537452
0.029463666
0.06476938
0.10516924
0.043666486
0.04864097
0.07240199
0.042605635
0.07248284
0.03876686
0.05876342
0.02243068
0.0008941679
0.07237733
0.019778144
0.14364024
0.06534764
0.027902482
0.02607479
0.04104166
0.018695902
0.039340317
0.04093678
0.06803032
0.0045747343
0.0068561216
0.07044758
0.050473366
0.032047972
0.026273716
0.04740228
0.04036829
0.009652553
0.0047370987
0.04282325
0.05944638
0.019475762
0.011850106
0.039693594
0.030992616
0.025762143
0.06686912
0.059240855
0.03420627
0.21332596
0.051889464
0.027923033
0.022250019
0.12583718
0.012500826
0.01923973
0.05197029
0.01256742
0.01378194
0.059965078
0.08796648
0.0096090445
0.0118280025
0.017109517
0.0035754275
0.0066944654
0.032570016
0.050004486
0.019890655
0.011919216
0.009099327
0.067117386
0.07107319
0.031434394
0.011610896
0.10725462
0.013153609
0.047579497
0.021301236
0.0023830435
0.023817036
0.0072799907
0.022965986
0.032445833
0.005084038
0.01693274
0.03058901
0.023624657
0.0121755935
0.055864856
0.031715013
0.005671755
0.006203717
0.0116695175
0.06897702
0.027531853
0.029836008
0.033626366
0.016031422
0.025607912
0.0011582855
0.0032909291
0.078809135
0.02553703
0.009595148
0.0083019575
0.0396668
0.01845911
0.016473586
0.01767269
0.010609977
0.030569036
0.0047013685
0.036333468
0.08487481
0.0060766544
0.0013034297
0.06865642
0.007234743
0.004861583
0.07058569
0.031214034
0.04107579
0.009696944
0.014612667
0.0422092
0.017879365
0.0075725224
0.033554103
0.016487537
0.005111258
0.013159632
0.0014381182
0.011942328
0.053193945
0.060886998
0.022099376
0.004062804
0.00018296612
0.010668841
0.007686294
0.0188246
0.08343411
0.003632951
0.027821813
0.0065785395
0.04472351
0.059552427
0.061375733
0.0015660292
0.13856545
0.07678401
0.035375446
0.007487478
0.002773169
0.0006407806
0.007656097
0.051629048
0.005334578
0.009757725
0.0039056996
0.062395617
0.030555565
0.1131972
0.026286634
0.0136722755
0.023274003
0.004216419
0.024846522
0.03651261
0.012155187
0.0072409464
0.020248516
0.004834139
0.0006791885
0.024863599
0.010934825
0.0050395066
0.001255765
0.0058407756
0.029273512
0.054673333
0.0035766424
0.038052335
0.00035682085
0.012221498
0.020376958
0.07072775
0.0005140225
0.0018401727
0.00011152105
0.01023544
0.003089216
0.019354232
0.010186058
0.0013179905
0.017049367
0.0036922947
0.07214969
0.009330995
0.0036933606
0.031942576
0.0012785291
0.0268901
0.000986403
0.016783526
0.0002401245
0.0066835987
0.0010444252
0.11262315
0.008853081
0.027472096
0.00024337153
0.0015341985
0.020964293
0.002164584
3.0132527e-05
0.00038043276
0.032812025
0.0122995945
0.033688676
0.04285587
0.021203145
0.05897731
0.1186628
0.0001736914
0.0018865705
0.034442965
0.002609798
0.02054559
0.06938258
0.013256781
0.010774698
0.0052784556
0.03274964
0.0068256897
0.05490147
0.0020918678
0.014172481
0.0067379302
0.12074007
0.0003480911
0.016708588
0.0029226616
0.0005928323
0.01604027
0.00052924413
0.0038312443
0.026386945
0.077327274
0.054072075
0.011587313
0.00059380586
0.0015237582
0.0015016698
0.077239245
0.038336776
0.01036044
0.0057435697
0.013072052
0.08250297
0.0016631319
0.01244631
0.054207012
0.0038486037
0.030636406
0.013322112
0.030989487
0.014524021
0.0006118527
0.00016227236
0.007274941
0.09297761
0.008243864
0.00484881
0.0009283948
0.06534402
0.011253161
0.012519848
0.0016754399
0.00094186416
0.025531717
0.002933108
0.010093156
0.044660546
0.00069361256
0.0056936787
0.0015868112
0.0017635768
0.0046300692
0.0041225646
0.041690435
0.0014092395
0.011397512
0.0034056401
0.071675636
0.00818295
0.0497199
0.00015840601
0.007500354
0.020225944
0.04025945
0.085293494
0.013960519
0.0020014944
0.009594426
0.005809775
0.0004431679
0.0016238326
0.004240453
0.0006096352
0.020851975
0.00038916626
0.00028606772
0.0150135495
0.038970504
0.0005210811
0.014236542
0.0018019002
0.0037845063
0.010056197
0.049920257
0.0019588983
0.014681808
0.00077770726
0.0014292353
0.0013027395
0.0053925784
0.007965267
0.009766419
0.011633081
0.001861072
0.05199389
0.0006117179
0.009283881
0.00034317863
0.00022534067
0.009337809
0.004828359
0.03494748
0.078460395
0.05469728
0.049073573
0.0023132868
0.0024776098
0.08851369
0.0002157053
0.033931836
0.07205974
8.559416e-05
0.0017214731
0.020161534
5.7391604e-05
0.069462724
0.01238012
0.008387212
0.0012525893
0.00064495957
0.008539083
0.030877784
0.00012503007
0.014245922
0.0023397696
0.019380018
0.0015832824
0.006347471
0.016322257
0.0010644562
0.030274667
0.001488661
8.061547e-05
0.03796084
0.010675233
0.012177182
0.00016968798
0.012411655
0.0012464419
0.016267153
3.6530168e-05
0.00049244275
0.005323273
0.0003459608
0.054855347
0.0032483223
0.020126093
0.00016796662
0.00045006964
0.02802198
0.015731642
2.1873251e-05
4.207111e-05
0.0002524958
0.0011232165
0.024411656
0.0070685144
8.804089e-05
0.0018417175
0.0006028856
0.03705621
0.027195634
0.0005641451
0.02891975
0.0060555525
0.014670436
0.018674193
0.00019434426
0.02426914
0.0102701215
0.0014737551
0.00037623796
0.007810459
0.000576034
2.7977356e-05
0.007581673
0.000578461
0.0002165543
0.0005354632
0.00016878228
1.8169374e-05
0.009867624
2.0749856e-05
5.902573e-06
0.00018270334
0.00025309806
0.02263946
0.0005788527
0.0006073958
0.0013934639
0.0003577457
0.0014928546
0.05628211
0.00011056425
0.060480226
4.614095e-05
0.044130854
0.0047701835
0.0022353327
0.000100539095
0.0010921297
0.014783999
0.0022987688
0.0021710186
0.00029722115
6.078752e-05
0.0043163146
2.1709991e-05
0.004354585
0.047326766
0.0033996282
0.040303282
0.023085834
0.00097163615
0.00026709735
0.010911025
0.005631817
0.03158618
0.0027118658
0.00038591385
1.4759031e-05
1.3403723e-05
0.0001137853
0.00020597309
0.013540176
0.04213338
0.025345843
1.6608841e-05
0.0027865088
5.399728e-05
0.00013718275
0.035273664
0.010896415
0.016841242
0.0002656021
0.00041663292
0.011856709
0.00017429724
1.5950352e-05
0.0003929885
0.002762734
0.0005106058
0.00013569051
0.0020295214
0.0038044578
0.00038828718
0.00068414415
0.06089521
0.10648673
0.0022561504
8.845378e-05
0.0002077027
6.780841e-05
0.03600101
0.00026110612
0.0013656867
0.0020212077
2.845519e-05
0.00026284013
0.0005789775
2.8251881e-05
0.0013896665
0.018257095
0.0013849139
0.00026031895
0.00074304285
0.005697959
5.5030483e-05
0.02144184
3.844908e-05
0.0028812906
0.054128364
0.0034311202
0.00015106559
0.0007674543
0.028001122
0.00043882485
0.000870545
0.03152992
0.00014446495
6.8148656e-05
0.00060858415
0.010311799
0.088736735
0.00071918964
0.0004103072
6.9653935e-05
0.00057287473
0.0022860682
0.10167353
0.0060209525
8.0006495e-05
1.4797363e-05
4.327069e-05
0.000422522
0.0030162379
0.01249514
0.004601301
0.014931914
0.00042699653
0.020541811
0.036210027
0.00043097406
0.0049134027
0.04318179
0.0007521117
0.013041837
0.009507322
0.00046712602
5.798363e-05
6.8446636e-05
0.00030898958
0.025443459
0.00010316911
0.0018996666
0.0018787351
0.0014756832
0.004653656
5.257055e-07
0.005955594
0.0569606
2.925999e-05
5.023935e-05
1.0523047e-05
6.228357e-05
0.011927063
0.0028569882
5.0666902e-05
1.5765114e-05
0.0013830509
0.00065361767
0.0007181432
0.014948363
0.0034187315
0.00021533949
0.0034543253
0.0011181405
0.026839305
0.018504454
7.762542e-05
2.623538e-05
0.023045711
0.0002513303
0.00032442165
1.6513579e-05
0.00017108227
1.9857986e-05
0.0076016383
0.00026035577
0.03152672
0.0024447236
0.0015734279
0.006289175
0.0031329142
0.0018112801
0.001876525
0.03465304
0.0002612429
6.745696e-05
0.00012789313
0.037992388
0.011406766
0.0032066451
0.00018386348
5.4205953e-05
0.014311378
0.03474837
6.492134e-05
4.16e-06
8.869059e-07
0.081610166
0.00044194426
0.00029310715
0.0008942964
0.0041930866
9.711423e-06
0.00028106073
0.041265316
3.243446e-05
1.4173463e-06
0.00066022505
1.1411204e-05
0.0032289603
1.6414382e-06
0.0010481972
9.863049e-05
4.7986623e-06
0.023129368
0.0016136054
0.002584481
4.717783e-06
0.008134975
0.009856131
0.00014387137
3.2935735e-05
0.000101855025
1.2988765e-05
0.00010388061
0.0029479219
0.03629667
1.2913053e-05
0.00025470625
0.020761074
0.006716756
0.005612443
0.00030010237
0.0016564736
0.00014090806
0.0715182
8.829864e-06
5.917302e-05
0.0013870401
0.0005006567
1.0299263e-05
0.0016985636
0.11920967
0.0022084066
0.00014707305
0.000430281
6.642879e-05
0.01883278
0.001524589
4.8898713e-05
0.0011295575
0.00097274507
0.0007918103
0.00019255509
0.0038385554
0.0003993402
0.0033584451
0.0020927966
5.0147457e-05
0.003943294
0.021708865
1.4978407e-05
8.844494e-06
4.5567216e-05
0.0005125684
4.6044708e-05
0.000103813094
0.0014205369
0.0006688251
0.00070650416
0.031181775
4.8575646e-05
0.0072971503
0.0001416974
0.043750342
0.0013940263
0.0006675287
0.012187004
0.005318103
0.00077297556
0.00042063594
0.0017937247
1.358981e-07
0.0006286778
0.039931163
0.00012128367
0.00027599197
4.189507e-05
0.026297262
0.059278116
0.0014112982
0.00025397423
9.668275e-05
0.00028437946
0.0012534704
8.8209286e-05
4.0275714e-05
0.001656798
0.00075114303
0.0011183135
0.05040433
0.019758772
2.0550312e-06
0.012782056
7.725742e-05
6.0953935e-05
0.014390056
0.0013109721
0.0006279326
3.353278e-05
5.221897e-06
0.0020891516
0.00032042948
0.00018865052
0.00660035
0.11727935
1.5397996e-05
1.3397708e-05
0.00037945886
8.439913e-07
8.856063e-05
0.00018219296
1.6447348e-05
0.00011123987
0.026752947
2.1254339e-06
4.417453e-05
3.9593597e-05
0.0016291189
5.022992e-05
0.00200477
0.00061264023
0.025898982
1.2993765e-07
0.00045999893
0.032080382
2.5495727e-05
9.2804024e-05
1.278125e-05
0.00031658396
0.0023087303
0.00017657192
0.0011131096
0.00021111581
0.02376649
0.016808763
0.0005723747
0.00014324133
0.0010315748
0.0002710376
0.0011144177
5.0197934e-05
9.298306e-08
0.0010719519
3.2186485e-08
6.9951e-05
9.77297e-06
8.7859844e-05
0.0008404761
0.00020521149
1.4881585e-05
3.8390162e-06
0.0010483115
8.996021e-05
7.527095e-05
0.00039444622
1.3708987e-07
7.1612512e-06
0.023359701
0.0003163155
4.934048e-06
0.0009441436
1.0620992e-06
0.0006444052
0.000379773
7.522037e-05
0.0028359378
8.033212e-05
0.0001446043
1.5258729e-07
0.031102045
6.116758e-05
0.009567417
5.3644055e-08
0.008336524
0.040499706
2.1457652e-08
7.9869935e-08
2.5163945e-06
5.209375e-07
0.06448552
0.00013597024
0.00010268869
0.00028989257
0.006721965
0.008380614
0.040226273
0.0023866207
0.00015122695
0.09384578
0.07262117
0.001918647
0.0025814243
0.00088646926
0.0094879
0.006316362
0.0020099385
9.1790895e-08
0.0005314478
2.2075549e-06
0.0016230914
0.00397174
0.00019036133
1.2855291e-05
4.476857e-05
0.04440083
5.1883226e-06
0.00010734869
0.00091884757
1.1491487e-06
0.042886037
3.9491306e-06
9.693816e-06
0.05071482
0.0003286047
0.04773229
3.238964e-05
1.548713e-05
1.5380474e-05
5.818241e-05
3.2637065e-05
0.00462053
4.428802e-05
0.00022394041
0.0034460481
0.031199683
3.994336e-06
6.5326043e-07
1.19209265e-08
0.047714714
9.536741e-09
0.00016983
0.0032468245
1.2104403e-05
3.2376352e-05
1.3790864e-05
1.7234192e-05
0.002715202
0.0013151056
1.0478142e-06
3.390982e-05
4.077689e-06
0.00022397704
5.1259907e-08
0.0001333268
0.00083151547
0.2338073
5.1367156e-06
0.045462217
2.2292025e-07
0.00013055412
0.01522658
0.00025036343
0.019840335
0.00012710759
8.7442e-05
0.0008165581
0.13156559
4.4795364e-05
1.3221895e-05
0.0006053729
0.0054548765
0.025002783
5.3839092e-05
3.3168522e-05
1.5233869e-06
3.5234355e-06
3.7152026e-06
1.192568e-05
0.00026954376
0.0029086797
0.0007343937
1.0728834e-08
1.20579325e-05
0.0001372616
3.6064037e-05
3.5762605e-07
0.007945111
0.00033721887
0.00042764298
4.664868e-05
0.017972672
4.8398306e-07
1.802456e-05
0.010916667
4.4345308e-07
9.381633e-07
4.0630266e-06
0.00011967213
9.109649e-05
5.0663056e-07
0.00024506554
0.0042651147
0.001266978
0.0014736935
0.03444972
1.7097405e-05
0.0001726762
0.010208169
2.6784335e-06
0.00060171896
0.00013643496
1.9728275e-06
2.9943923e-05
2.463182e-05
0.0003335992
2.849079e-07
3.576276e-08
0.13086116
3.837338e-05
0.014326618
0.0012470346
2.3719956e-06
8.481106e-05
0.00015195766
0.035349056
